adballah 374379270 374379300 3
adbaltic 374379300 374379340 4
adbance 374379340 374379350 1
adbanced 374379350 374379370 2
adband 374379370 374379510 14
adbande 374379510 374379530 2
adbandoned 374379530 374379540 1
adbandroidddmsdebuggingdiagnosistracing 374379540 374379550 1
adbandroiddiagnosisloggingremoteshellunix 374379550 374379560 1
adbang 374379560 374379580 2
adbanker 374379580 374379590 1
adbanner 374379590 374379750 16
adbanner120x60 374379750 374379760 1
adbanner120x90 374379760 374379770 1
adbanner2 374379770 374379780 1
adbanner234x60 374379780 374379790 1
adbanner468x60 374379790 374379800 1
adbanner88x31 374379800 374379810 1
adbanner_214x140 374379810 374380030 22
adbanner_295x105 374380030 374380250 22
adbanners 374380250 374380260 1
adbannerview 374380260 374380270 1
adbantages 374380270 374380280 1
adbapi 374380280 374380290 1
adbapi32 374380290 374380300 1
adbar 374380300 374380850 55
adbarat 374380850 374380880 3
adbarno 374380880 374380900 2
adbars 374380900 374380920 2
adbart 374380920 374380950 3
adbartolomei 374380950 374380960 1
adbase 374380960 374380980 2
adbasha 374380980 374381280 30
adbasisseo 374381280 374381290 1
adbaston 374381290 374381320 3
adbax 374381320 374381330 1
adbay 374381330 374381830 50
adbayintertiol 374381830 374381840 1
adbb 374381840 374381950 11
adbb1db8be68f3c4b8634e6049c 374381950 374381960 1
adbb253c686b47a473c19d4dff5e161c 374381960 374381970 1
adbb27b57be9cb1813723e62a0ad87b227025ced 374381970 374381980 1
adbb531b872de4a5c8256bc9fa4ba927 374381980 374381990 1
adbb6t7pde4a 374381990 374382000 1
adbb922872fcca6d12910fdb602f2f07faf80ef3 374382000 374382010 1
adbbdeom0 374382010 374382020 1
adbbf6f3f347 374382020 374382030 1
adbbhh1a 374382030 374382040 1
adbbiiiior 374382040 374382050 1
adbblockplus 374382050 374382060 1
adbbv 374382060 374382120 6
adbc 374382120 374382320 20
adbc0000 374382320 374382380 6
adbc06905d28695c162d13aa7d4a790e 374382380 374382390 1
adbc42beffbfe8186d623473c796c5a0 374382390 374382400 1
adbc7000 374382400 374382460 6
adbc8023 374382460 374382470 1
adbc8167394e76dc109045d4283e4fdf 374382470 374382480 1
adbcamrawoptenhretouch 374382480 374382490 1
adbcast 374382490 374382500 1
adbcctbs 374382500 374382510 1
adbccvf 374382510 374382520 1
adbce6ea65d10ea77faa98685848e316 374382520 374382530 1
adbcebdd7968d3f2e672807297355c3330533d6b 374382530 374382540 1
adbcf330153829291e2bc63d79344cb2 374382540 374382550 1
adbch 374382550 374382560 1
adbclient 374382560 374382570 1
adbcoux5 374382570 374382580 1
adbcoz 374382580 374382590 1
adbcvzx 374382590 374382600 1
adbd 374382600 374382730 13
adbd0fe0676e 374382730 374382740 1
adbd1 374382740 374382750 1
adbd2 374382750 374382780 3
adbd301 374382780 374382790 1
adbd388f1d68ce2ee0c0630f3d63ae4f 374382790 374382800 1
adbd3aa9e1f147e8ca7a798cd17cd9a0 374382800 374382810 1
adbd6d4c8375c27a2945cec904e852bb 374382810 374382820 1
adbd6f1f92e615602b43b74b62ee9813 374382820 374382830 1
adbd955 374382830 374382840 1
adbd99e4f0dde2c8f44db558601bec6e 374382840 374382850 1
adbdat 374382850 374382860 1
adbdel 374382860 374382870 1
adbdf3df 374382870 374382880 1
adbdo 374382880 374382890 1
adbdp 374382890 374382920 3
adbdriver 374382920 374382930 1
adbdryapm 374382930 374382940 1
adbductions 374382940 374383170 23
adbdulla 374383170 374383180 1
adbdullah 374383180 374383190 1
adbe 374383190 374393000 981
adbe1000 374393000 374393060 6
adbe4000 374393060 374393120 6
adbe4b626ae7ae003f7d0c7d8b016d6b 374393120 374393130 1
adbe6cba005a2060b0f641e91b500574f4637a36 374393130 374393140 1
adbe794f3431 374393140 374393150 1
adbe8c378db304bd5dac06ba6b6c50fd9c9e6592 374393150 374393160 1
adbe95571b018ae0607de66422c4eac9 374393160 374393170 1
adbe_cs5_masterkeygen 374393170 374393180 1
adbeape 374393180 374393190 1
adbeat 374393190 374393200 1
adbeats 374393200 374393280 8
adbeaudition_esd1_wwefgjis 374393280 374393290 1
adbeauty 374393290 374393300 1
adbec 374393300 374393310 1
adbeckhumdrum 374393310 374393440 13
adbeco 374393440 374393450 1
adbeel 374393450 374393750 30
adbeep 374393750 374393780 3
adbefkiluw 374393780 374393790 1
adbega 374393790 374393800 1
adbehavior 374393800 374393810 1
adbeingserved 374393810 374394080 27
adbeitalem 374394080 374394090 1
adbekzuowhygclwn 374394090 374394100 1
adbel 374394100 374394170 7
adbelbary 374394170 374394180 1
adbelbaset 374394180 374394190 1
adbeldis 374394190 374394200 1
adbelkader 374394200 374394510 31
adbelkebir 374394510 374394520 1
adbellalli 374394520 374394530 1
adbellatif 374394530 374394540 1
adbelle 374394540 374394550 1
adbelmoumen 374394550 374394560 1
adbelouahab 374394560 374394570 1
adben 374394570 374394590 2
adbena 374394590 374394600 1
adbenaib 374394600 374394610 1
adbenedicen 374394610 374394620 1
adbenefit 374394620 374394630 1
adbenelux 374394630 374394640 1
adbeni 374394640 374394680 4
adbenotifier 374394680 374394690 1
adbens 374394690 374394700 1
adbensuppfort1974 374394700 374394710 1
adbentistas 374394710 374394720 1
adbento 374394720 374394730 1
adbenture 374394730 374394740 1
adbenturero 374394740 374394750 1
adbentures 374394750 374394760 1
adbenturura 374394760 374394770 1
adbenutzerverwaltung 374394770 374394780 1
adbeon 374394780 374394820 4
adbeppi 374394820 374394830 1
adbepvnaqpxhokta 374394830 374394840 1
adber 374394840 374394860 2
adberatii 374394860 374394870 1
adberbiala 374394870 374395010 14
adberbio 374395010 374395170 16
adberbioakaz 374395170 374395310 14
adberbioen 374395310 374395450 14
adberbioetan 374395450 374395590 14
adberbioetara 374395590 374395730 14
adberbioz 374395730 374395870 14
adberdaron 374395870 374395880 1
adberdr1010_ru_ru 374395880 374395890 1
adberdr70_chs_full 374395890 374395900 1
adberdr812 374395900 374395910 1
adberdr9 374395910 374395920 1
adberdr930enus 374395920 374395930 1
adberes 374395930 374395940 1
adberez 374395940 374395950 1
adberezin 374395950 374395960 1
adberg 374395960 374395970 1
adberita 374395970 374395980 1
adberliner 374395980 374396030 5
adberluz 374396030 374396040 1
adbersaire 374396040 374396050 1
adbersatibo 374396050 374396190 14
adbersatiboa 374396190 374396330 14
adbert 374396330 374396670 34
adbertencias 374396670 374396680 1
adbertising 374396680 374396690 1
adbertois 374396690 374396700 1
adbertram 374396700 374396710 1
adbescriptuiflex 374396710 374396720 1
adbesii 374396720 374396730 1
adbest 374396730 374397030 30
adbet 374397030 374397040 1
adbeus 374397040 374397070 3
adbex 374397070 374397090 2
adbf 374397090 374397360 27
adbf2 374397360 374397380 2
adbf2a37ca29f492edfa7e71c080beb1 374397380 374397390 1
adbf44bc8da7428688f4ddd9cc6b5daf 374397390 374397400 1
adbfc 374397400 374397410 1
adbfcee758de332d9e0a019dcc885f717796e8a5 374397410 374397420 1
adbff000 374397420 374397480 6
adbfire 374397480 374397500 2
adbfr 374397500 374397510 1
adbfs10_android 374397510 374397520 1
adbg 374397520 374397600 8
adbgbank 374397600 374397610 1
adbgen 374397610 374397630 2
adbgevtk0 374397630 374397640 1
adbgone 374397640 374397650 1
adbgr 374397650 374397710 6
adbgw 374397710 374397720 1
adbh 374397720 374397730 1
adbhajderse 374397730 374397740 1
adbhangiya 374397740 374397750 1
adbhar 374397750 374397760 1
adbhid 374397760 374397790 3
adbhoot 374397790 374397800 1
adbhost 374397800 374397820 2
adbhud 374397820 374397830 1
adbhut 374397830 374397940 11
adbhuta 374397940 374398230 29
adbhutabhih 374398230 374398500 27
adbhutam 374398500 374398790 29
adbhutananda 374398790 374399030 24
adbhutaya 374399030 374399040 1
adbhuthamayina 374399040 374399060 2
adbhuthanni 374399060 374399070 1
adbi 374399070 374404120 505
adbia 374404120 374404130 1
adbian 374404130 374404140 1
adbibe 374404140 374404150 1
adbibetur 374404150 374404160 1
adbic 374404160 374404170 1
adbica 374404170 374404180 1
adbice 374404180 374404190 1
adbicie 374404190 374404200 1
adbicknell1124 374404200 374404210 1
adbicy 374404210 374404230 2
adbid 374404230 374404240 1
adbie 374404240 374404250 1
adbiel 374404250 374404260 1
adbifatah 374404260 374404330 7
breona_95 2726548840 2726548850 1
breonaphobia 2726548850 2726548860 1
breonca 2726548860 2726548880 2
breond 2726548880 2726548890 1
breondra 2726548890 2726548900 1
breondre 2726548900 2726548910 1
breondria 2726548910 2726548920 1
breondriamusic 2726548920 2726548930 1
breone 2726548930 2726548950 2
breonen 2726548950 2726548960 1
breonia 2726548960 2726548980 2
breonica 2726548980 2726549000 2
breonio 2726549000 2726549010 1
breonmg 2726549010 2726549030 2
breonn 2726549030 2726549040 1
breonna 2726549040 2726549610 57
breonnah 2726549610 2726549620 1
breonnburse 2726549620 2726549630 1
breonne 2726549630 2726549690 6
breonni 2726549690 2726549700 1
breonqjcnzier 2726549700 2726549920 22
breontae 2726549920 2726549930 1
breonus 2726549930 2726549940 1
breonya 2726549940 2726549950 1
breonzay 2726549950 2726549960 1
breoon 2726549960 2726550180 22
breor 2726550180 2726550190 1
breorg 2726550190 2726550200 1
breos 2726550200 2726550540 34
breoses 2726550540 2726550550 1
breost 2726550550 2726550570 2
breoste 2726550570 2726550580 1
breostgehygdum 2726550580 2726550590 1
breosthord 2726550590 2726550600 1
breostnet 2726550600 2726550610 1
breostum 2726550610 2726550630 2
breostwylm 2726550630 2726550640 1
breotene 2726550640 2726550650 1
breoth 2726550650 2726550660 1
breotone 2726550660 2726550670 1
breotseite 2726550670 2726550680 1
breoul 2726550680 2726550690 1
breowick 2726550690 2726550700 1
breowser 2726550700 2726550710 1
brep 2726550710 2726550800 9
brep1 2726550800 2726550820 2
brepa 2726550820 2726550840 2
brepaint 2726550840 2726550860 2
brepair 2726550860 2726550890 3
brepak 2726550890 2726550900 1
brepark 2726550900 2726550910 1
breparkhaus 2726550910 2726550920 1
brepasado 2726550920 2726550930 1
brepaw 2726550930 2726550940 1
brepbot 2726550940 2726550950 1
brepeatforever 2726550950 2726550960 1
brepensadores 2726550960 2726550970 1
brepent 2726550970 2726551030 6
brepentance 2726551030 2726551100 7
breperant 2726551100 2726551910 81
brepete 2726551910 2726551940 3
brepettis 2726551940 2726551950 1
brepfs 2726551950 2726551960 1
breph 2726551960 2726551980 2
brephedrone 2726551980 2726552000 2
brephen 2726552000 2726552010 1
brephew 2726552010 2726552030 2
brephophagist 2726552030 2726552040 1
brephos 2726552040 2726552050 1
brephulopsis 2726552050 2726552060 1
brepic 2726552060 2726552070 1
brepikir 2726552070 2726552080 1
brepisode 2726552080 2726552090 1
breplay 2726552090 2726552160 7
brepmesh_pairofindex 2726552160 2726552170 1
brepoels 2726552170 2726552220 5
brepohl 2726552220 2726552250 3
brepolis 2726552250 2726552270 2
brepollen 2726552270 2726552610 34
brepols 2726552610 2726553980 137
brepolsonline 2726553980 2726554020 4
breport 2726554020 2726554040 2
breport_id 2726554040 2726554080 4
breposo 2726554080 2726554090 1
brepouille 2726554090 2726554100 1
brepp 2726554100 2726554110 1
breppa 2726554110 2726554120 1
breppin 2726554120 2726554130 1
breprefile 2726554130 2726554140 1
brepresents 2726554140 2726554150 1
breprestasi 2726554150 2726554160 1
breprint 2726554160 2726554170 1
breproach 2726554170 2726554190 2
breps 2726554190 2726554210 2
brepsomn 2726554210 2726554510 30
brepta 2726554510 2726554530 2
breptat 2726554530 2726554540 1
brepublic 2726554540 2726554560 2
brepurposed 2726554560 2726554580 2
brepwyjrth 2726554580 2726554590 1
breq 2726554590 2726555090 50
breq_fast 2726555090 2726555100 1
breqani 2726555100 2726555110 1
breqfast 2726555110 2726555120 1
breqgt9m 2726555120 2726555130 1
breqn 2726555130 2726555140 1
breqst 2726555140 2726555160 2
breqsv4l 2726555160 2726555170 1
brequ 2726555170 2726555410 24
brequal 2726555410 2726555420 1
breque 2726555420 2726557540 212
breque8 2726557540 2726557550 1
copuler 4462290510 4462290710 20
copuleraient 4462290710 4462290730 2
copulerais 4462290730 4462290750 2
copulerede 4462290750 4462290760 1
copuleren 4462290760 4462290770 1
copulerende 4462290770 4462290780 1
copuleret 4462290780 4462290790 1
copulerons 4462290790 4462290800 1
copules 4462290800 4462290870 7
copulette 4462290870 4462290880 1
copuli 4462290880 4462290890 1
copulin 4462290890 4462290900 1
copulina 4462290900 4462290910 1
copulines 4462290910 4462290920 1
copuling 4462290920 4462290940 2
copulins 4462290940 4462291000 6
copulomb 4462291000 4462291010 1
copulor 4462291010 4462291020 1
copulos 4462291020 4462291050 3
copuls 4462291050 4462291090 4
copulsary 4462291090 4462291100 1
copului 4462291100 4462291110 1
copulum 4462291110 4462291120 1
copum 4462291120 4462291140 2
copumbia 4462291140 4462291150 1
copumpkin 4462291150 4462291170 2
copuna 4462291170 4462291180 1
copuns 4462291180 4462291190 1
copunto 4462291190 4462291200 1
copuntry 4462291200 4462291220 2
copuntrycurtains 4462291220 4462291230 1
copunty 4462291230 4462291260 3
copunusuable 4462291260 4462291270 1
copuon 4462291270 4462291280 1
copuos 4462291280 4462291360 8
copupe 4462291360 4462291380 2
copuple 4462291380 4462291450 7
copuponbs 4462291450 4462291460 1
copur 4462291460 4462291550 9
copura 4462291550 4462291690 14
copurade 4462291690 4462291700 1
copurage 4462291700 4462291710 1
copure 4462291710 4462291800 9
copurierpostonline 4462291800 4462291810 1
copurification 4462291810 4462291830 2
copurified 4462291830 4462291860 3
copurifies 4462291860 4462291880 2
copurify 4462291880 4462291890 1
copuright 4462291890 4462292480 59
copuroglu 4462292480 4462292490 1
copurs 4462292490 4462292860 37
copurse 4462292860 4462292900 4
copurt 4462292900 4462292910 1
copurte 4462292910 4462292950 4
copurtesy 4462292950 4462292960 1
copurusfuscicapillus 4462292960 4462292970 1
copus 4462292970 4462294600 163
copuse 4462294600 4462294700 10
copushow 4462294700 4462294710 1
copuslu 4462294710 4462294720 1
copusmaximus 4462294720 4462294730 1
coput 4462294730 4462294740 1
coputacion 4462294740 4462294750 1
coputador 4462294750 4462294780 3
coputer 4462294780 4462301860 708
coputerco 4462301860 4462301880 2
coputergeneriert 4462301880 4462301890 1
coputern 4462301890 4462301900 1
coputernews 4462301900 4462301910 1
coputers 4462301910 4462301950 4
coputienne 4462301950 4462301970 2
coputing 4462301970 4462301980 1
coputo 4462301980 4462301990 1
copuvo 4462301990 4462302000 1
copuyoc 4462302000 4462302010 1
copuz 4462302010 4462302020 1
copuzeanu 4462302020 4462302030 1
copv 4462302030 4462302110 8
copvadata 4462302110 4462302120 1
copvar 4462302120 4462302130 1
copvcia 4462302130 4462302150 2
copvenient 4462302150 4462302160 1
copvenlioii 4462302160 4462302170 1
copventry 4462302170 4462302180 1
copvers 4462302180 4462302470 29
copvest 4462302470 4462302480 1
copvfhruaalhalck 4462302480 4462302490 1
copvgmox 4462302490 4462302500 1
copvilla 4462302500 4462302510 1
copvivlo 4462302510 4462302520 1
copvj4bi 4462302520 4462302530 1
copvn 4462302530 4462302540 1
copvrifl 4462302540 4462302550 1
copvright 4462302550 4462302560 1
copvriijht 4462302560 4462302570 1
misalkan 12633963170 12633967590 442
misalkn 12633967590 12633967600 1
misalla 12633967600 12633967700 10
misallar 12633967700 12633968190 49
misallarda 12633968190 12633968200 1
misallardan 12633968200 12633968210 1
misallarla 12633968210 12633968220 1
misallati 12633968220 12633968240 2
misalle 12633968240 12633968250 1
misallegation 12633968250 12633968260 1
misalleged 12633968260 12633968270 1
misaller 12633968270 12633968360 9
misallerde 12633968360 12633968370 1
misallerden 12633968370 12633968380 1
misallere 12633968380 12633968390 1
misalleri 12633968390 12633968430 4
misallerin 12633968430 12633968440 1
misallerinde 12633968440 12633968450 1
misallerini 12633968450 12633968460 1
misallerle 12633968460 12633968480 2
misalli 12633968480 12633968500 2
misalliance 12633968500 12633968660 16
misalliances 12633968660 12633968680 2
misallied 12633968680 12633968690 1
misalligned 12633968690 12633968700 1
misallignment 12633968700 12633968710 1
misallingment 12633968710 12633968720 1
misallocate 12633968720 12633968810 9
misallocated 12633968810 12633969030 22
misallocating 12633969030 12633969090 6
misallocatio 12633969090 12633969100 1
misallocation 12633969100 12633970140 104
misallocations 12633970140 12633970200 6
misallocators 12633970200 12633970210 1
misallots 12633970210 12633970230 2
misallotted 12633970230 12633970240 1
misallotting 12633970240 12633970250 1
misally 12633970250 12633970290 4
misallying 12633970290 12633970300 1
misalmeba 12633970300 12633970310 1
misalmebis 12633970310 12633970320 1
misalmehta 12633970320 12633970340 2
misaln 12633970340 12633970370 3
misalna 12633970370 12633970430 6
misalnay 12633970430 12633970440 1
misalnja 12633970440 12633970450 1
misalnnya 12633970450 12633970470 2
misalny 12633970470 12633970490 2
misalnya 12633970490 12634024450 5396
misalnyaa 12634024450 12634024460 1
misalnyahadd 12634024460 12634024470 1
misalnyapemeliharaan 12634024470 12634024490 2
misalnyaperjanjian 12634024490 12634024500 1
misalnyasabun 12634024500 12634024510 1
misalocated 12634024510 12634024530 2
misalocating 12634024530 12634024550 2
misalocation 12634024550 12634024560 1
misalon 12634024560 12634024580 2
misalosangeles 12634024580 12634024590 1
misalote 12634024590 12634024600 1
misalova 12634024600 12634024610 1
misalpav 12634024610 12634024820 21
misals 12634024820 12634024830 1
misalsa 12634024830 12634024880 5
misalsiz 12634024880 12634024890 1
misaltd 12634024890 12634024900 1
misalucha 12634024900 12634025580 68
misalud 12634025580 12634025590 1
misalueet 12634025590 12634025620 3
misalumnasdepatch 12634025620 12634025640 2
misaly 12634025640 12634025730 9
misalya 12634025730 12634025780 5
misam 12634025780 12634025850 7
misama 12634025850 12634025900 5
misamaha 12634025900 12634025910 1
misamarbernedo 12634025910 12634025920 1
misamark 12634025920 12634025930 1
misamartis 12634025930 12634025940 1
misamartze 12634025940 12634025950 1
misamaru0v0 12634025950 12634025960 1
misamasova 12634025960 12634025970 1
misamd21 12634025970 12634025990 2
misame 12634025990 12634026000 1
misamedida 12634026000 12634026010 1
misamer 12634026010 12634026030 2
misamerica 12634026030 12634026040 1
misami 12634026040 12634026090 5
misami_hirota 12634026090 12634026110 2
misamiati 12634026110 12634026130 2
misamigas 12634026130 12634026140 1
misamigosylapaleo 12634026140 12634026230 9
misamigosylapaleoposted 12634026230 12634026310 8
misamihajlo 12634026310 12634026320 1
misamino 12634026320 12634026330 1
misamis 12634026330 12634027740 141
misamisa 12634027740 12634027840 10
misamisa124 12634027840 12634027850 1
misamisa15 12634027850 12634027860 1
misamisa19 12634027860 12634027870 1
misamisachan 12634027870 12634027880 1
misamisacupcake 12634027880 12634027890 1
misamisamisa 12634027890 12634027900 1
misamix 12634027900 12634027920 2
misamo 12634027920 12634027930 1
misamoreno 12634027930 12634027940 1
misampa 12634027940 12634027950 1
misamu 12634027950 12634028310 36
misamuel 12634028310 12634028320 1
misamutfak 12634028320 12634028330 1
misan 12634028330 12634029660 133
misan1 12634029660 12634029670 1
misan2733642 12634029670 12634029680 1
misana 12634029680 12634029720 4
misanaged 12634029720 12634029730 1
misanalla 12634029730 12634029740 1
misanalysed 12634029740 12634029750 1
misanalysis 12634029750 12634029770 2
misanan 12634029770 12634029790 2
misanannya 12634029790 12634029800 1
misanastasialuxuryjhen 12634029800 12634029810 1
misanasteysha 12634029810 12634029820 1
misance0 12634029820 12634029830 1
misancene 12634029830 12634029860 3
misancenes 12634029860 12634029870 1
misanchristiantropy 12634029870 12634029880 1
misand 12634029880 12634029890 1
misanda 12634029890 12634029930 4
misandao 12634029930 12634029950 2
misandeau 12634029950 12634029960 1
misanderstood 12634029960 12634029970 1
misando 12634029970 12634030000 3
misandr 12634030000 12634030010 1
misandra 12634030010 12634030090 8
misandre 12634030090 12634030140 5
misandri 12634030140 12634030540 40
misandria 12634030540 12634030890 35
misandrias 12634030890 12634030900 1
misandric 12634030900 12634031250 35
misandrica 12634031250 12634031260 1
misandrico 12634031260 12634031280 2
misandrie 12634031280 12634032800 152
misandrious 12634032800 12634032810 1
misandrischen 12634032810 12634032820 1
misandrist 12634032820 12634033030 21
misandristic 12634033030 12634033070 4
misandrists 12634033070 12634033420 35
misandry 12634033420 12634036810 339
misandry5ever 12634036810 12634036820 1
misandrybot 12634036820 12634036860 4
misandrychild 12634036860 12634036870 1
misanduhrs_taan_d 12634036870 12634036880 1
misanec 12634036880 12634036900 2
misanenga 12634036900 12634036910 1
misanes 12634036910 12634036920 1
misang 12634036920 12634036930 1
misanga 12634036930 12634036980 5
misangano 12634036980 12634037000 2
misangela 12634037000 12634037020 2
misangelesluz 12634037020 12634037290 27
misango 12634037290 12634037330 4
misangumukini 12634037330 12634037340 1
misani 12634037340 12634037650 31
misanimation 12634037650 12634037660 1
misanino 12634037660 12634037710 5
misaniyadeedki 12634037710 12634037720 1
misaniyadeedkii 12634037720 12634037730 1
misannotation 12634037730 12634037740 1
misannotations 12634037740 12634037750 1
misannthropy 12634037750 12634037760 1
misannya 12634037760 12634037770 1
misano 12634037770 12634053640 1587
paydayloanadvance 14779312780 14779312860 8
paydayloanadvances 14779312860 14779312940 8
paydayloanassistance 14779312940 14779313050 11
paydayloanbank 14779313050 14779313060 1
paydayloancash 14779313060 14779313400 34
paydayloancharter 14779313400 14779313410 1
paydayloanconsolidation 14779313410 14779313420 1
paydayloancyber 14779313420 14779313430 1
paydayloandebt 14779313430 14779313540 11
paydayloanfast 14779313540 14779313880 34
paydayloanfranchise 14779313880 14779313990 11
paydayloanhelpers 14779313990 14779314020 3
paydayloanindustry 14779314020 14779314040 2
paydayloaninstant 14779314040 14779314380 34
paydayloanlocations 14779314380 14779314490 11
paydayloanmoneyfast 14779314490 14779314500 1
paydayloannewjersey 14779314500 14779314520 2
paydayloannow 14779314520 14779314630 11
paydayloanoki 14779314630 14779314640 1
paydayloanonli 14779314640 14779314660 2
paydayloanonline 14779314660 14779314670 1
paydayloanonlinergezj 14779314670 14779314680 1
paydayloanpages 14779314680 14779314700 2
paydayloanpersonal 14779314700 14779314730 3
paydayloanrelief 14779314730 14779314840 11
paydayloanreviews 14779314840 14779314950 11
paydayloans 14779314950 14779316710 176
paydayloans1000 14779316710 14779316720 1
paydayloans12months3 14779316720 14779316730 1
paydayloans16 14779316730 14779316800 7
paydayloans17 14779316800 14779316810 1
paydayloans2017 14779316810 14779316940 13
paydayloans24brt 14779316940 14779317040 10
paydayloans24nty 14779317040 14779317150 11
paydayloans2ua 14779317150 14779317180 3
paydayloans2up 14779317180 14779317190 1
paydayloans2uq 14779317190 14779317200 1
paydayloans2ur 14779317200 14779317210 1
paydayloans2us 14779317210 14779317230 2
paydayloans2ut 14779317230 14779317250 2
paydayloans2uu 14779317250 14779317270 2
paydayloans2uv 14779317270 14779317280 1
paydayloans2uw 14779317280 14779317290 1
paydayloans2ux 14779317290 14779317300 1
paydayloans2uy 14779317300 14779317310 1
paydayloans2uz 14779317310 14779317320 1
paydayloans2xa 14779317320 14779317330 1
paydayloans2xb 14779317330 14779317340 1
paydayloans2xc 14779317340 14779317350 1
paydayloans2xd 14779317350 14779317370 2
paydayloans2xe 14779317370 14779317380 1
paydayloans2xf 14779317380 14779317390 1
paydayloans2xg 14779317390 14779317400 1
paydayloans2xh 14779317400 14779317410 1
paydayloans2xi 14779317410 14779317420 1
paydayloans2xj 14779317420 14779317440 2
paydayloans2xk 14779317440 14779317460 2
paydayloans2xl 14779317460 14779317480 2
paydayloans2xs 14779317480 14779317490 1
paydayloans2xt 14779317490 14779317500 1
paydayloans2xu 14779317500 14779317510 1
paydayloans365erh 14779317510 14779317620 11
paydayloans365vra 14779317620 14779317750 13
paydayloans441 14779317750 14779317760 1
paydayloans4online 14779317760 14779317770 1
paydayloans4today 14779317770 14779317780 1
paydayloans77ewfb 14779317780 14779317890 11
paydayloans7dnk 14779317890 14779318000 11
paydayloans9online 14779318000 14779318320 32
paydayloansadx 14779318320 14779318390 7
paydayloansalbuquerque 14779318390 14779318510 12
paydayloansalertness 14779318510 14779318530 2
paydayloansamedayfaxless 14779318530 14779318550 2
paydayloansatonce 14779318550 14779318570 2
paydayloansau 14779318570 14779318580 1
paydayloansbadcrediterf 14779318580 14779318590 1
paydayloansbadcreditloans 14779318590 14779318600 1
paydayloansbadcredittybc 14779318600 14779318620 2
paydayloansbard 14779318620 14779318630 1
paydayloansbbc 14779318630 14779318640 1
paydayloansbbe 14779318640 14779318650 1
paydayloansbet 14779318650 14779318670 2
paydayloansbirminghamal 14779318670 14779318680 1
paydayloansbola 14779318680 14779318790 11
paydayloansbree 14779318790 14779318800 1
vrages 21667519160 21667519180 2
vraget 21667519180 21667519620 44
vragevigheia 21667519620 21667519630 1
vragfisk 21667519630 21667519650 2
vragfjernelseskonvention 21667519650 21667519660 1
vragfjernelseskonventionen 21667519660 21667519670 1
vragg 21667519670 21667519690 2
vraggmegpe 21667519690 21667519700 1
vraggods 21667519700 21667519710 1
vragh 21667519710 21667519720 1
vraghinaroda 21667519720 21667519760 4
vraghorosh 21667519760 21667519780 2
vraghuz 21667519780 21667519790 1
vragi 21667519790 21667519820 3
vragiana 21667519820 21667519830 1
vragicivragolovivragolovovranavrana 21667519830 21667519950 12
vragie 21667519950 21667519960 1
vraging 21667519960 21667519970 1
vraglijst 21667519970 21667519980 1
vragment 21667519980 21667520250 27
vragments 21667520250 21667520260 1
vragmotor 21667520260 21667520530 27
vragmotors 21667520530 21667520590 6
vragn 21667520590 21667520600 1
vragnisan 21667520600 21667520610 1
vrago 21667520610 21667520620 1
vragolan 21667520620 21667520630 1
vragolani 21667520630 21667520640 1
vragolasta 21667520640 21667520660 2
vragolasti 21667520660 21667520730 7
vragolasto 21667520730 21667520760 3
vragolastog 21667520760 21667520770 1
vragolij 21667520770 21667520780 1
vragolija 21667520780 21667520790 1
vragolijah 21667520790 21667520860 7
vragolijama 21667520860 21667520880 2
vragolijami 21667520880 21667520890 1
vragolije 21667520890 21667520900 1
vragoljanka 21667520900 21667520910 1
vragolovi 21667520910 21667520920 1
vragolovo 21667520920 21667520930 1
vragom 21667520930 21667520940 1
vragometno 21667520940 21667520950 1
vragomor 21667520950 21667520960 1
vragoteris 21667520960 21667520970 1
vragov 21667520970 21667520980 1
vragova 21667520980 21667520990 1
vragove 21667520990 21667521000 1
vragovi 21667521000 21667521040 4
vragovic 21667521040 21667521130 9
vragrant 21667521130 21667521140 1
vragrecords 21667521140 21667521150 1
vragrester 21667521150 21667521160 1
vragrstidessftgeplpvtklpgaevaagsinlngtltvevrrpggetaigdivqlve 21667521160 21667521170 1
vragrstidessftgeplpvtklpgaevaagsinlngtltvevrrpggetaigdivrlve 21667521170 21667521180 1
vragrstidessftgeplpvtklpgsqvsagsinlngtltievkrpggetamgdivrlve 21667521180 21667521190 1
vragrstvdessftgeplpvtklpgaevaagsinlngtltvevrrpggetaigdivrlve 21667521190 21667521200 1
vragrstvdessftgeplpvtklpgaqvaagsinlngmltvevqrpggetaigdivrlve 21667521200 21667521210 1
vragsharapov 21667521210 21667521230 2
vragskip 21667521230 21667521240 1
vragsofpuck 21667521240 21667521250 1
vragstykker 21667521250 21667521260 1
vragte 21667521260 21667521270 1
vragtinqsgvitievtgigqdtilakiislvedaqtrkapvqkladtiagyfaygvmai 21667521270 21667521280 1
vragu 21667521280 21667521340 6
vragus 21667521340 21667521360 2
vragvliddldnfjld 21667521360 21667521370 1
vrah 21667521370 21667525700 433
vrah2x14 21667525700 21667525710 1
vrah4e 21667525710 21667525720 1
vrah4eta 21667525720 21667525730 1
vrah4etata 21667525730 21667525740 1
vrah4eto 21667525740 21667525750 1
vraha 21667525750 21667527460 171
vrahali 21667527460 21667527470 1
vraham 21667527470 21667527480 1
vrahati 21667527480 21667527510 3
vrahatis 21667527510 21667527580 7
vrahctwagens 21667527580 21667527590 1
vrahcxsbhgd4f42z1k3hsiwfrmhqi25ieuxlr6 21667527590 21667527600 1
vrahem 21667527600 21667527900 30
vrahem3x05 21667527900 21667527910 1